245.600000  500.014   34.8160   34.8270     0.999684153 32
245.600000  800.230   34.8517   34.8626     0.999687344 32
245.600000  999.920   34.8638   34.8743     0.999698919 32
245.600000  999.920   34.8638   34.8746     0.999690319 32
245.600000 1500.106   34.8986   34.9091     0.999699219 32
245.600000 1999.990   34.9297   34.9391     0.999730960 32
245.600000 1999.990   34.9297   34.9392     0.999728099 32
245.600000 2499.348   34.9427   34.9518     0.999739641 32
245.600000 2999.821   34.9474   34.9569     0.999728237 32
245.600000 3500.549   34.9479   34.9567     0.999748260 32
245.600000 3500.549   34.9479   34.9570     0.999739680 32
245.600000 3896.785   34.9479   34.9566     0.999751120 32
246.172917  500.125   34.8158   34.8277     0.999658318 36
246.172917  599.827   34.8376   34.8486     0.999684349 36
246.172917  800.125   34.8521   34.8637     0.999667276 36
246.172917  999.975   34.8643   34.8757     0.999673125 36
246.172917  999.975   34.8643   34.8758     0.999670258 36
246.172917 2003.164   34.9299   34.9400     0.999710933 36
246.172917 2003.164   34.9299   34.9402     0.999705211 36
246.172917 2502.929   34.9424   34.9531     0.999693876 36
246.172917 3002.988   34.9471   34.9562     0.999739674 36
246.172917 3499.195   34.9473   34.9567     0.999731096 36
246.172917 3499.195   34.9473   34.9570     0.999722516 36
246.172917 3910.010   34.9473   34.9565     0.999736816 36
246.618056  499.868   34.8318   34.8447     0.999629786 40
246.618056  600.319   34.8419   34.8511     0.999736020 40
246.618056  800.452   34.8555   34.8669     0.999673042 40
246.618056  999.747   34.8700   34.8819     0.999658849 40
246.618056  999.747   34.8700   34.8821     0.999653117 40
246.618056 1501.129   34.9064   34.9183     0.999659204 40
246.618056 1958.973   34.9157   34.9270     0.999676468 40
247.925694  499.820   34.8313   34.8451     0.999603962 44
247.925694  598.468   34.8413   34.8531     0.999661436 44
247.925694  800.032   34.8516   34.8635     0.999658669 44
247.925694  999.883   34.8632   34.8639     0.999979922 44
247.925694  999.883   34.8632   34.8634     0.999994263 44
247.925694 1327.105   34.8855   34.8973     0.999661865 44
249.134028  499.540   34.8245   34.8386     0.999595277 49
249.134028  600.382   34.8418   34.8524     0.999695860 49
249.134028  800.199   34.8510   34.8623     0.999675868 49
249.134028  999.385   34.8648   34.8753     0.999698927 49
249.134028  999.385   34.8648   34.8760     0.999678862 49
249.134028 1500.023   34.8990   34.9100     0.999684904 49
249.134028 2000.682   34.9299   34.9405     0.999696627 49
249.134028 2000.682   34.9299   34.9408     0.999688044 49
249.134028 2500.129   34.9423   34.9521     0.999719616 49
249.134028 2999.645   34.9462   34.9560     0.999719648 49
249.134028 3500.058   34.9465   34.9560     0.999728230 49
249.134028 3500.058   34.9465   34.9561     0.999725370 49
249.134028 3896.453   34.9465   34.9567     0.999708210 49
249.586806  500.070   34.8273   34.8409     0.999609654 51
249.586806  600.641   34.8398   34.8512     0.999672895 51
249.586806  800.282   34.8524   34.8633     0.999687350 51
249.586806  999.912   34.8646   34.8758     0.999678860 51
249.586806  999.912   34.8646   34.8763     0.999664529 51
249.586806 1500.228   34.8992   34.9103     0.999682042 51
249.586806 2000.244   34.9287   34.9398     0.999682311 51
249.586806 2000.244   34.9287   34.9399     0.999679450 51
249.586806 2499.417   34.9413   34.9519     0.999696726 51
249.586806 3001.851   34.9461   34.9557     0.999725367 51
249.586806 3499.123   34.9463   34.9560     0.999722508 51
249.586806 3499.123   34.9463   34.9563     0.999713929 51
249.586806 3890.422   34.9463   34.9559     0.999725368 51
249.903472  500.368   34.8169   34.8306     0.999606668 53
249.903472  599.492   34.8395   34.8506     0.999681498 53
249.903472  799.863   34.8511   34.8631     0.999655797 53
249.903472 1000.542   34.8627   34.8741     0.999673110 53
249.903472 1000.542   34.8627   34.8743     0.999667377 53
249.903472 1499.781   34.9009   34.9120     0.999682058 53
249.903472 1999.837   34.9299   34.9403     0.999702349 53
249.903472 1999.837   34.9299   34.9406     0.999693766 53
249.903472 2500.272   34.9420   34.9522     0.999708173 53
249.903472 2999.238   34.9461   34.9554     0.999733947 53
249.903472 3501.349   34.9463   34.9559     0.999725368 53
249.903472 3501.349   34.9463   34.9560     0.999722508 53
249.903472 3872.320   34.9464   34.9557     0.999733949 53
250.664583  501.101   34.8169   34.8290     0.999652588 57
250.664583  601.100   34.8376   34.8491     0.999670006 57
250.664583  800.938   34.8529   34.8644     0.999670151 57
250.664583 1000.782   34.8678   34.8797     0.999658827 57
250.664583 1000.782   34.8678   34.8798     0.999655961 57
250.664583 1501.459   34.9010   34.9132     0.999650562 57
250.664583 1750.229   34.9166   34.9287     0.999653580 57
250.664583 2000.901   34.9292   34.9410     0.999662288 57
250.664583 2000.901   34.9292   34.9411     0.999659427 57
250.664583 2500.376   34.9413   34.9518     0.999699586 57
250.664583 2999.981   34.9457   34.9562     0.999699624 57
250.664583 3500.023   34.9459   34.9563     0.999702486 57
250.664583 3500.023   34.9459   34.9564     0.999699626 57
250.664583 3775.268   34.9460   34.9561     0.999711066 57
251.083333  499.187   34.7736   34.7872     0.999609052 59
251.083333  599.792   34.8213   34.8338     0.999641153 59
251.083333  800.163   34.8478   34.8601     0.999647161 59
251.083333 1000.216   34.8618   34.8733     0.999670235 59
251.083333 1000.216   34.8618   34.8737     0.999658769 59
251.083333 1499.911   34.8977   34.9094     0.999664847 59
251.083333 2000.738   34.9270   34.9375     0.999699463 59
251.083333 2000.738   34.9270   34.9384     0.999673711 59
251.083333 2500.108   34.9407   34.9500     0.999733906 59
251.083333 3000.757   34.9454   34.9563     0.999688182 59
251.083333 3499.642   34.9457   34.9569     0.999679605 59
251.083333 3499.642   34.9457   34.9569     0.999679605 59
251.083333 3614.403   34.9458   34.9565     0.999693905 59
251.260417  499.390   34.8114   34.8234     0.999655404 60
251.260417  600.528   34.8328   34.8447     0.999658485 60
251.260417  800.142   34.8505   34.8612     0.999693069 60
251.260417 1000.362   34.8651   34.8756     0.999698930 60
251.260417 1000.362   34.8651   34.8763     0.999678865 60
251.448611  499.952   34.8136   34.8275     0.999600890 61
251.448611  599.991   34.8347   34.8472     0.999641291 61
251.448611  799.957   34.8514   34.8636     0.999650065 61
251.448611 1000.184   34.8650   34.8762     0.999678864 61
251.448611 1000.184   34.8650   34.8769     0.999658800 61
251.448611 1500.540   34.9011   34.9138     0.999636247 61
251.448611 1999.776   34.9294   34.9408     0.999673734 61
251.448611 1999.776   34.9294   34.9412     0.999662290 61
251.448611 2500.664   34.9414   34.9523     0.999688146 61
251.448611 2999.439   34.9453   34.9558     0.999699621 61
251.448611 2999.439   34.9453   34.9559     0.999696761 61
251.448611 3362.442   34.9456   34.9564     0.999691044 61
251.732639  500.752   34.8259   34.8389     0.999626854 63
251.732639  600.832   34.8400   34.8532     0.999621269 63
251.732639  800.917   34.8550   34.8674     0.999644367 63
251.732639 1000.853   34.8644   34.8722     0.999776326 63
251.732639 1000.853   34.8644   34.8714     0.999799262 63
251.732639 1500.628   34.9040   34.9160     0.999656318 63
251.732639 2001.307   34.9368   34.9477     0.999688105 63
251.732639 2001.307   34.9368   34.9482     0.999673803 63
251.732639 2270.235   34.9446   34.9559     0.999676736 63
252.641667  500.130   34.8248   34.8387     0.999601018 71
252.641667  600.875   34.8361   34.8494     0.999618358 71
252.641667  800.582   34.8530   34.8649     0.999658683 71
252.641667 1000.513   34.8662   34.8786     0.999644481 71
252.641667 1000.513   34.8662   34.8787     0.999641615 71
252.641667 1999.946   34.9315   34.9421     0.999696641 71
252.641667 1999.946   34.9315   34.9423     0.999690919 71
252.641667 2500.126   34.9424   34.9534     0.999685295 71
252.641667 3001.203   34.9455   34.9561     0.999696763 71
252.641667 3001.203   34.9455   34.9562     0.999693903 71
252.641667 3065.346   34.9456   34.9563     0.999693904 71
253.211806  500.011   34.8240   34.8378     0.999603879 75
253.211806  600.003   34.8393   34.8523     0.999626997 75
253.211806  799.963   34.8541   34.8667     0.999638624 75
253.211806 1249.857   34.8842   34.8789     1.000151954 75
253.211806 1249.857   34.8842   34.8791     1.000146219 75
253.211806 1499.919   34.9029   34.9148     0.999659170 75
253.211806 1998.989   34.9314   34.9421     0.999693779 75
253.211806 1998.989   34.9314   34.9427     0.999676613 75
253.211806 2499.420   34.9420   34.9524     0.999702452 75
253.211806 2829.052   34.9455   34.9563     0.999691043 75
254.395139  500.167   34.8338   34.8472     0.999615464 80
254.395139  600.032   34.8431   34.8562     0.999624170 80
254.395139  800.066   34.8552   34.8682     0.999627167 80
254.395139 1000.339   34.8684   34.8812     0.999633040 80
254.395139 1000.339   34.8684   34.8814     0.999627309 80
254.395139 1500.562   34.9047   34.9168     0.999653462 80
254.395139 1999.769   34.9329   34.9443     0.999673767 80
254.395139 1999.769   34.9329   34.9443     0.999673767 80
254.395139 2500.019   34.9427   34.9540     0.999676718 80
254.534722 1003.325   34.8544   34.8675     0.999624292 81
254.534722 1003.171   34.8544   34.8668     0.999644361 81
254.534722 1003.204   34.8545   34.8669     0.999644362 81
254.534722 1003.138   34.8544   34.8676     0.999621425 81
254.534722 1003.035   34.8544   34.8675     0.999624292 81
254.534722 1002.977   34.8543   34.8675     0.999621424 81
254.534722 1002.787   34.8544   34.8672     0.999632893 81
254.534722 1002.839   34.8546   34.8679     0.999618560 81
254.534722 1002.775   34.8544   34.8674     0.999627159 81
254.534722 1002.647   34.8545   34.8674     0.999630027 81
254.534722 1002.630   34.8545   34.8675     0.999627160 81
254.534722 1002.629   34.8545   34.8670     0.999641495 81
254.534722 1002.529   34.8544   34.8670     0.999638627 81
254.534722 1002.473   34.8545   34.8667     0.999650096 81
254.534722 1002.444   34.8544   34.8666     0.999650095 81
254.534722 1002.383   34.8545   34.8664     0.999658697 81
254.534722 1002.409   34.8545   34.8673     0.999632894 81
254.534722 1002.414   34.8544   34.8670     0.999638627 81
254.534722 1002.418   34.8545   34.8675     0.999627160 81
254.534722 1002.410   34.8545   34.8673     0.999632894 81
254.534722 1002.378   34.8546   34.8668     0.999650097 81
254.534722 1002.342   34.8545   34.8668     0.999647229 81
254.534722 1002.341   34.8546   34.8662     0.999667300 81
254.534722 1002.360   34.8546   34.8674     0.999632895 81
254.534722 1002.612   34.8544   34.8679     0.999612824 81
254.534722 1003.031   34.8544   34.8674     0.999627159 81
254.534722 1004.341   34.8543   34.8669     0.999638626 81
254.534722 1004.284   34.8544   34.8673     0.999630026 81
254.534722 1003.947   34.8544   34.8673     0.999630026 81
254.534722 1003.956   34.8545   34.8673     0.999632894 81
254.534722 1003.840   34.8544   34.8669     0.999641494 81
254.534722 1003.677   34.8544   34.8675     0.999624292 81
254.534722 1003.496   34.8544   34.8673     0.999630026 81
254.534722 1003.337   34.8543   34.8671     0.999632892 81
254.534722 1003.075   34.8544   34.8669     0.999641494 81
255.527083  500.022   34.8352   34.8477     0.999641296 88
255.527083  600.691   34.8430   34.8542     0.999678661 88
255.527083  800.404   34.8543   34.8671     0.999632892 88
255.527083 1000.119   34.8686   34.8814     0.999633042 88
255.527083 1000.119   34.8686   34.8815     0.999630176 88
255.527083 1500.289   34.9068   34.9188     0.999656346 88
255.527083 1626.870   34.9139   34.9254     0.999670727 88
256.516667  999.711   34.8619   34.8693     0.999787779 90
256.643750  500.380   34.8244   34.8381     0.999606752 91
256.643750  599.948   34.8389   34.8520     0.999624125 91
256.643750  800.203   34.8503   34.8630     0.999635717 91
256.643750 1000.471   34.8625   34.8749     0.999644443 91
256.643750 1000.471   34.8625   34.8756     0.999624379 91
256.643750 1500.319   34.9032   34.9153     0.999653447 91
256.643750 2057.852   34.9151   34.9270     0.999659289 91
257.504861  499.969   34.8220   34.8361     0.999595247 97
257.504861  600.169   34.8375   34.8515     0.999598296 97
257.504861  799.966   34.8490   34.8627     0.999607030 97
257.504861 1000.177   34.8622   34.8757     0.999612911 97
257.504861 1000.177   34.8622   34.8760     0.999604312 97
257.504861 1500.554   34.9014   34.9139     0.999641976 97
257.504861 2054.984   34.9147   34.9277     0.999627803 97
259.075012  499.957   34.8367   34.8507     0.999598286 100
259.075012  600.191   34.8415   34.8554     0.999601210 100
259.075012  800.250   34.8480   34.8615     0.999612753 100
259.075012  999.997   34.8570   34.8698     0.999632920 100
259.075012  999.997   34.8570   34.8704     0.999615720 100
259.075012 1499.860   34.9076   34.9209     0.999619139 100
259.075012 1751.446   34.9366   34.9494     0.999633756 100
260.766663  500.500   34.8219   34.8347     0.999632550 105
260.766663  600.200   34.8374   34.8519     0.999583954 105
260.766663  797.900   34.8498   34.8643     0.999584102 105
260.766663 1000.500   34.8623   34.8760     0.999607180 105
260.766663 1000.500   34.8623   34.8762     0.999601447 105
260.766663 1500.400   34.9033   34.9167     0.999616229 105
260.766663 2000.200   34.9141   34.9269     0.999633520 105
260.766663 2000.200   34.9141   34.9271     0.999627796 105
260.766663 2119.800   34.9162   34.9292     0.999627819 105
261.559723  500.200   34.8288   34.8428     0.999598195 111
261.559723  599.800   34.8381   34.8534     0.999561018 111
261.559723  800.100   34.8516   34.8662     0.999581256 111
261.559723 1000.500   34.8665   34.8804     0.999601495 111
261.559723 1000.500   34.8665   34.8807     0.999592898 111
261.559723 1500.200   34.9054   34.9194     0.999599077 111
261.559723 1985.900   34.9140   34.9276     0.999610623 111
261.559723 1985.900   34.9140   34.9278     0.999604899 111
261.975006  500.177   34.8324   34.8471     0.999578157 115
261.975006  599.682   34.8401   34.8536     0.999612666 115
261.975006  799.643   34.8529   34.8672     0.999589872 115
261.975006 1000.089   34.8676   34.8819     0.999590045 115
261.975006 1000.089   34.8676   34.8821     0.999584314 115
261.975006 1499.693   34.9066   34.9202     0.999610541 115
261.975006 1567.786   34.9112   34.9249     0.999607730 115
263.893066  500.275   34.8351   34.8497     0.999581058 131
263.893066  597.619   34.8407   34.8550     0.999589729 131
263.893066  800.471   34.8452   34.8595     0.999589782 131
263.893066 1000.454   34.8537   34.8682     0.999584148 131
263.893066 1000.454   34.8537   34.8683     0.999581282 131
263.893066 1450.566   34.9184   34.9313     0.999630704 131
267.155548  499.577   34.8329   34.8492     0.999532270 156
267.155548  600.296   34.8408   34.8576     0.999518039 156
267.155548  800.157   34.8518   34.8677     0.999543991 156
267.354156  500.001   34.8348   34.8513     0.999526560 157
267.354156  600.804   34.8431   34.8607     0.999495133 157
267.354156  800.882   34.8550   34.8718     0.999518235 157
268.134033  500.245   34.8375   34.8528     0.999561011 163
268.134033  600.435   34.8473   34.8629     0.999552533 163
268.134033  800.414   34.8605   34.8762     0.999549836 163
268.134033 1000.118   34.8724   34.8879     0.999555720 163
268.134033 1000.118   34.8724   34.8885     0.999538530 163
268.134033 1500.029   34.9040   34.9196     0.999553259 163
268.134033 1985.974   34.9317   34.9467     0.999570775 163
268.298615  500.699   34.8339   34.8447     0.999690053 164
268.298615  600.494   34.8429   34.8586     0.999549609 164
268.298615  800.217   34.8551   34.8707     0.999552633 164
268.298615 1000.878   34.8666   34.8819     0.999561377 164
268.298615 1000.878   34.8666   34.8819     0.999561377 164
268.298615 1197.765   34.8913   34.9055     0.999593187 164
271.311798  500.565   34.8365   34.8521     0.999552394 180
271.311798  600.312   34.8406   34.8562     0.999552447 180
271.311798  800.190   34.8441   34.8595     0.999558227 180
271.311798 1001.071   34.8506   34.8666     0.999541108 180
271.311798 1001.071   34.8506   34.8667     0.999538241 180
271.311798 1229.780   34.8754   34.8906     0.999564353 180
271.806244  500.272   34.8291   34.8447     0.999552299 183
271.806244  599.890   34.8379   34.8545     0.999523734 183
271.806244  799.942   34.8437   34.8588     0.999566824 183
271.806244 1000.453   34.8496   34.8644     0.999575498 183
271.806244 1000.453   34.8496   34.8648     0.999564030 183
271.806244 1500.209   34.8840   34.8987     0.999578781 183
271.806244 1691.218   34.9342   34.9486     0.999587966 183
272.277771  500.339   34.8343   34.8507     0.999529421 185
272.277771  599.870   34.8386   34.8550     0.999529479 185
272.277771  800.333   34.8436   34.8602     0.999523812 185
272.277771 1000.288   34.8495   34.8658     0.999532493 185
272.277771 1500.212   34.8917   34.9071     0.999558829 185
272.277771 1597.177   34.9125   34.9271     0.999581986 185
272.731934  500.311   34.8381   34.8543     0.999535208 189
272.731934  600.605   34.8406   34.8566     0.999540976 189
272.731934  800.403   34.8444   34.8603     0.999543894 189
272.731934 1001.280   34.8525   34.8892     0.998948099 189
272.731934 1001.280   34.8525   34.8898     0.998930920 189
272.731934 1452.433   34.8992   34.9144     0.999564650 189
273.005554  500.146   34.8364   34.8530     0.999523714 191
273.005554  600.955   34.8395   34.8562     0.999520889 191
273.005554  800.591   34.8437   34.8596     0.999543885 191
273.005554 1000.768   34.8525   34.8689     0.999529667 191
273.005554 1000.768   34.8525   34.8694     0.999515334 191
273.005554 1500.575   34.8918   34.9077     0.999544513 191
273.005554 2020.919   34.9390   34.9541     0.999568005 191
273.491669  500.130   34.8360   34.8529     0.999515105 195
273.491669  600.579   34.8395   34.8562     0.999520889 195
273.491669  800.551   34.8432   34.8601     0.999515205 195
273.491669 1000.626   34.8523   34.8688     0.999526798 195
273.491669 1000.626   34.8523   34.8689     0.999523931 195
273.491669 1345.196   34.8886   34.9038     0.999564517 195
273.959015  500.345   34.8356   34.8526     0.999512232 197
273.959015  600.335   34.8388   34.8524     0.999609783 197
273.959015  800.427   34.8431   34.8599     0.999518071 197
273.959015  999.565   34.8505   34.8672     0.999521040 197
273.959015  999.565   34.8505   34.8674     0.999515307 197
273.959015 1530.173   34.9079   34.9239     0.999541861 197
274.322906  600.245   34.8429   34.8609     0.999483662 200
274.322906  800.626   34.8445   34.8623     0.999489420 200
274.322906 1018.014   34.8613   34.8777     0.999529786 200
275.256256  499.582   34.8354   34.8521     0.999520832 206
275.256256  600.240   34.8388   34.8559     0.999509409 206
275.256256  800.085   34.8441   34.8605     0.999529554 206
275.256256 1000.037   34.8523   34.8687     0.999529664 206
275.256256 1000.037   34.8523   34.8688     0.999526798 206
275.256256 1500.180   34.8923   34.9078     0.999555973 206
275.256256 2000.233   34.9332   34.9483     0.999567933 206
275.256256 2000.233   34.9332   34.9491     0.999545053 206
275.256256 2152.741   34.9375   34.9528     0.999562267 206
275.406952  500.489   34.8334   34.8487     0.999560959 207
275.406952  600.355   34.8390   34.8554     0.999529485 207
275.406952  800.187   34.8428   34.8591     0.999532403 207
275.406952  999.911   34.8513   34.8677     0.999529651 207
275.406952  999.911   34.8513   34.8680     0.999521051 207
275.406952 1500.925   34.8913   34.9068     0.999555960 207
275.406952 1793.558   34.9328   34.9475     0.999579369 207
277.176392  500.273   34.8290   34.8465     0.999497797 218
277.176392  599.730   34.8385   34.8562     0.999492199 218
277.176392  800.566   34.8525   34.8716     0.999452276 218
277.176392 1000.322   34.8633   34.8810     0.999492560 218
277.176392 1000.322   34.8633   34.8812     0.999486830 218
277.176392 1362.924   34.8893   34.9068     0.999498665 218
277.629852  500.873   34.8247   34.8421     0.999500604 221
277.629852  600.029   34.8370   34.8547     0.999492178 221
277.629852  801.622   34.8536   34.8715     0.999486687 221
277.629852  990.591   34.8630   34.8804     0.999501153 221
